{
 "cells": [
  {
   "cell_type": "markdown",
   "metadata": {},
   "source": [
    "Due: September 27, 2024\n",
    "# Some notes:\n",
    "1. Please remember to run all your code and save your ipynb file that way before\n",
    "committing to github.\n",
    "2. Please clearly label your file name and upload each lab/homework to it’s own folder/file\n",
    "in github - don’t upload a lab in another lab’s folder. Makes it harder to find.\n",
    "3. Please remember to print every relevant output - jupyter may output the results anyway\n",
    "but generally IDEs won’t, and even in notebooks sometimes the formatting can be better\n",
    "if explicitly printed.\n",
    "4. Please do your own work - copy/pasting or submitting the same file as someone else will\n",
    "not help you. Copying directly from ChatGPT will also not help you - use it for\n",
    "debugging not your whole assignments.\n",
    "\n",
    "# Questions:\n",
    "1. Print the correlation matrix for the data and plot the variable PhD. 1pt.\n",
    "2. Estimate a logistic regression with the predicted variable being Private, and the predictors\n",
    "being all other variables in the dataset. 1pt.\n",
    "Hint: 'Unnamed: 0' is a string variable - needs to be dropped, also be careful about not\n",
    "including the same variable on both sides of the equation.\n",
    "3. Print the predicted values for the first 10 observations, create a confusion table from the\n",
    "regression, and note how accurate the model is. 1.5 pt.\n",
    "4. Now we will try to train and test the same model instead. Train the same model on the\n",
    "first 527 observations, and estimate the probability for the 528-777th observations. Print\n",
    "the model, and the predictions for the test data. 1.5pt.\n",
    "If you have any questions, please feel free to email me or Jing! Always happy to help.\n"
   ]
  },
  {
   "cell_type": "code",
   "execution_count": 37,
   "metadata": {},
   "outputs": [
    {
     "name": "stdout",
     "output_type": "stream",
     "text": [
      "Index(['Unnamed: 0', 'Private', 'Apps', 'Accept', 'Enroll', 'Top10perc',\n",
      "       'Top25perc', 'F.Undergrad', 'P.Undergrad', 'Outstate', 'Room.Board',\n",
      "       'Books', 'Personal', 'PhD', 'Terminal', 'S.F.Ratio', 'perc.alumni',\n",
      "       'Expend', 'Grad.Rate'],\n",
      "      dtype='object')\n"
     ]
    }
   ],
   "source": [
    "import numpy as np\n",
    "import pandas as pd\n",
    "from matplotlib.pyplot import subplots\n",
    "import statsmodels.api as sm\n",
    "from ISLP import load_data\n",
    "from ISLP.models import (ModelSpec as MS,\n",
    "                         summarize)\n",
    "import pandas as pd\n",
    "from ISLP import confusion_table\n",
    "from ISLP.models import contrast\n",
    "from sklearn.discriminant_analysis import \\\n",
    "     (LinearDiscriminantAnalysis as LDA,\n",
    "      QuadraticDiscriminantAnalysis as QDA)\n",
    "from sklearn.naive_bayes import GaussianNB\n",
    "from sklearn.neighbors import KNeighborsClassifier\n",
    "from sklearn.preprocessing import StandardScaler\n",
    "from sklearn.model_selection import train_test_split\n",
    "from sklearn.linear_model import LogisticRegression\n",
    "\n",
    "# 3\n",
    "df = pd.read_csv('College.csv')\n",
    "df\n",
    "print(df.columns)"
   ]
  },
  {
   "cell_type": "code",
   "execution_count": 38,
   "metadata": {},
   "outputs": [
    {
     "data": {
      "text/html": [
       "<div>\n",
       "<style scoped>\n",
       "    .dataframe tbody tr th:only-of-type {\n",
       "        vertical-align: middle;\n",
       "    }\n",
       "\n",
       "    .dataframe tbody tr th {\n",
       "        vertical-align: top;\n",
       "    }\n",
       "\n",
       "    .dataframe thead th {\n",
       "        text-align: right;\n",
       "    }\n",
       "</style>\n",
       "<table border=\"1\" class=\"dataframe\">\n",
       "  <thead>\n",
       "    <tr style=\"text-align: right;\">\n",
       "      <th></th>\n",
       "      <th>Unnamed: 0</th>\n",
       "      <th>Private</th>\n",
       "      <th>Apps</th>\n",
       "      <th>Accept</th>\n",
       "      <th>Enroll</th>\n",
       "      <th>Top10perc</th>\n",
       "      <th>Top25perc</th>\n",
       "      <th>F.Undergrad</th>\n",
       "      <th>P.Undergrad</th>\n",
       "      <th>Outstate</th>\n",
       "      <th>Room.Board</th>\n",
       "      <th>Books</th>\n",
       "      <th>Personal</th>\n",
       "      <th>PhD</th>\n",
       "      <th>Terminal</th>\n",
       "      <th>S.F.Ratio</th>\n",
       "      <th>perc.alumni</th>\n",
       "      <th>Expend</th>\n",
       "      <th>Grad.Rate</th>\n",
       "    </tr>\n",
       "  </thead>\n",
       "  <tbody>\n",
       "    <tr>\n",
       "      <th>0</th>\n",
       "      <td>Abilene Christian University</td>\n",
       "      <td>Yes</td>\n",
       "      <td>1660</td>\n",
       "      <td>1232</td>\n",
       "      <td>721</td>\n",
       "      <td>23</td>\n",
       "      <td>52</td>\n",
       "      <td>2885</td>\n",
       "      <td>537</td>\n",
       "      <td>7440</td>\n",
       "      <td>3300</td>\n",
       "      <td>450</td>\n",
       "      <td>2200</td>\n",
       "      <td>70</td>\n",
       "      <td>78</td>\n",
       "      <td>18.1</td>\n",
       "      <td>12</td>\n",
       "      <td>7041</td>\n",
       "      <td>60</td>\n",
       "    </tr>\n",
       "    <tr>\n",
       "      <th>1</th>\n",
       "      <td>Adelphi University</td>\n",
       "      <td>Yes</td>\n",
       "      <td>2186</td>\n",
       "      <td>1924</td>\n",
       "      <td>512</td>\n",
       "      <td>16</td>\n",
       "      <td>29</td>\n",
       "      <td>2683</td>\n",
       "      <td>1227</td>\n",
       "      <td>12280</td>\n",
       "      <td>6450</td>\n",
       "      <td>750</td>\n",
       "      <td>1500</td>\n",
       "      <td>29</td>\n",
       "      <td>30</td>\n",
       "      <td>12.2</td>\n",
       "      <td>16</td>\n",
       "      <td>10527</td>\n",
       "      <td>56</td>\n",
       "    </tr>\n",
       "    <tr>\n",
       "      <th>2</th>\n",
       "      <td>Adrian College</td>\n",
       "      <td>Yes</td>\n",
       "      <td>1428</td>\n",
       "      <td>1097</td>\n",
       "      <td>336</td>\n",
       "      <td>22</td>\n",
       "      <td>50</td>\n",
       "      <td>1036</td>\n",
       "      <td>99</td>\n",
       "      <td>11250</td>\n",
       "      <td>3750</td>\n",
       "      <td>400</td>\n",
       "      <td>1165</td>\n",
       "      <td>53</td>\n",
       "      <td>66</td>\n",
       "      <td>12.9</td>\n",
       "      <td>30</td>\n",
       "      <td>8735</td>\n",
       "      <td>54</td>\n",
       "    </tr>\n",
       "    <tr>\n",
       "      <th>3</th>\n",
       "      <td>Agnes Scott College</td>\n",
       "      <td>Yes</td>\n",
       "      <td>417</td>\n",
       "      <td>349</td>\n",
       "      <td>137</td>\n",
       "      <td>60</td>\n",
       "      <td>89</td>\n",
       "      <td>510</td>\n",
       "      <td>63</td>\n",
       "      <td>12960</td>\n",
       "      <td>5450</td>\n",
       "      <td>450</td>\n",
       "      <td>875</td>\n",
       "      <td>92</td>\n",
       "      <td>97</td>\n",
       "      <td>7.7</td>\n",
       "      <td>37</td>\n",
       "      <td>19016</td>\n",
       "      <td>59</td>\n",
       "    </tr>\n",
       "    <tr>\n",
       "      <th>4</th>\n",
       "      <td>Alaska Pacific University</td>\n",
       "      <td>Yes</td>\n",
       "      <td>193</td>\n",
       "      <td>146</td>\n",
       "      <td>55</td>\n",
       "      <td>16</td>\n",
       "      <td>44</td>\n",
       "      <td>249</td>\n",
       "      <td>869</td>\n",
       "      <td>7560</td>\n",
       "      <td>4120</td>\n",
       "      <td>800</td>\n",
       "      <td>1500</td>\n",
       "      <td>76</td>\n",
       "      <td>72</td>\n",
       "      <td>11.9</td>\n",
       "      <td>2</td>\n",
       "      <td>10922</td>\n",
       "      <td>15</td>\n",
       "    </tr>\n",
       "  </tbody>\n",
       "</table>\n",
       "</div>"
      ],
      "text/plain": [
       "                     Unnamed: 0 Private  Apps  Accept  Enroll  Top10perc  \\\n",
       "0  Abilene Christian University     Yes  1660    1232     721         23   \n",
       "1            Adelphi University     Yes  2186    1924     512         16   \n",
       "2                Adrian College     Yes  1428    1097     336         22   \n",
       "3           Agnes Scott College     Yes   417     349     137         60   \n",
       "4     Alaska Pacific University     Yes   193     146      55         16   \n",
       "\n",
       "   Top25perc  F.Undergrad  P.Undergrad  Outstate  Room.Board  Books  Personal  \\\n",
       "0         52         2885          537      7440        3300    450      2200   \n",
       "1         29         2683         1227     12280        6450    750      1500   \n",
       "2         50         1036           99     11250        3750    400      1165   \n",
       "3         89          510           63     12960        5450    450       875   \n",
       "4         44          249          869      7560        4120    800      1500   \n",
       "\n",
       "   PhD  Terminal  S.F.Ratio  perc.alumni  Expend  Grad.Rate  \n",
       "0   70        78       18.1           12    7041         60  \n",
       "1   29        30       12.2           16   10527         56  \n",
       "2   53        66       12.9           30    8735         54  \n",
       "3   92        97        7.7           37   19016         59  \n",
       "4   76        72       11.9            2   10922         15  "
      ]
     },
     "execution_count": 38,
     "metadata": {},
     "output_type": "execute_result"
    }
   ],
   "source": [
    "df.head()"
   ]
  },
  {
   "cell_type": "code",
   "execution_count": 39,
   "metadata": {},
   "outputs": [
    {
     "data": {
      "text/html": [
       "<div>\n",
       "<style scoped>\n",
       "    .dataframe tbody tr th:only-of-type {\n",
       "        vertical-align: middle;\n",
       "    }\n",
       "\n",
       "    .dataframe tbody tr th {\n",
       "        vertical-align: top;\n",
       "    }\n",
       "\n",
       "    .dataframe thead th {\n",
       "        text-align: right;\n",
       "    }\n",
       "</style>\n",
       "<table border=\"1\" class=\"dataframe\">\n",
       "  <thead>\n",
       "    <tr style=\"text-align: right;\">\n",
       "      <th></th>\n",
       "      <th>Apps</th>\n",
       "      <th>Accept</th>\n",
       "      <th>Enroll</th>\n",
       "      <th>Top10perc</th>\n",
       "      <th>Top25perc</th>\n",
       "      <th>F.Undergrad</th>\n",
       "      <th>P.Undergrad</th>\n",
       "      <th>Outstate</th>\n",
       "      <th>Room.Board</th>\n",
       "      <th>Books</th>\n",
       "      <th>Personal</th>\n",
       "      <th>PhD</th>\n",
       "      <th>Terminal</th>\n",
       "      <th>S.F.Ratio</th>\n",
       "      <th>perc.alumni</th>\n",
       "      <th>Expend</th>\n",
       "      <th>Grad.Rate</th>\n",
       "    </tr>\n",
       "  </thead>\n",
       "  <tbody>\n",
       "    <tr>\n",
       "      <th>Apps</th>\n",
       "      <td>1.000000</td>\n",
       "      <td>0.943451</td>\n",
       "      <td>0.846822</td>\n",
       "      <td>0.338834</td>\n",
       "      <td>0.351640</td>\n",
       "      <td>0.814491</td>\n",
       "      <td>0.398264</td>\n",
       "      <td>0.050159</td>\n",
       "      <td>0.164939</td>\n",
       "      <td>0.132559</td>\n",
       "      <td>0.178731</td>\n",
       "      <td>0.390697</td>\n",
       "      <td>0.369491</td>\n",
       "      <td>0.095633</td>\n",
       "      <td>-0.090226</td>\n",
       "      <td>0.259592</td>\n",
       "      <td>0.146755</td>\n",
       "    </tr>\n",
       "    <tr>\n",
       "      <th>Accept</th>\n",
       "      <td>0.943451</td>\n",
       "      <td>1.000000</td>\n",
       "      <td>0.911637</td>\n",
       "      <td>0.192447</td>\n",
       "      <td>0.247476</td>\n",
       "      <td>0.874223</td>\n",
       "      <td>0.441271</td>\n",
       "      <td>-0.025755</td>\n",
       "      <td>0.090899</td>\n",
       "      <td>0.113525</td>\n",
       "      <td>0.200989</td>\n",
       "      <td>0.355758</td>\n",
       "      <td>0.337583</td>\n",
       "      <td>0.176229</td>\n",
       "      <td>-0.159990</td>\n",
       "      <td>0.124717</td>\n",
       "      <td>0.067313</td>\n",
       "    </tr>\n",
       "    <tr>\n",
       "      <th>Enroll</th>\n",
       "      <td>0.846822</td>\n",
       "      <td>0.911637</td>\n",
       "      <td>1.000000</td>\n",
       "      <td>0.181294</td>\n",
       "      <td>0.226745</td>\n",
       "      <td>0.964640</td>\n",
       "      <td>0.513069</td>\n",
       "      <td>-0.155477</td>\n",
       "      <td>-0.040232</td>\n",
       "      <td>0.112711</td>\n",
       "      <td>0.280929</td>\n",
       "      <td>0.331469</td>\n",
       "      <td>0.308274</td>\n",
       "      <td>0.237271</td>\n",
       "      <td>-0.180794</td>\n",
       "      <td>0.064169</td>\n",
       "      <td>-0.022341</td>\n",
       "    </tr>\n",
       "    <tr>\n",
       "      <th>Top10perc</th>\n",
       "      <td>0.338834</td>\n",
       "      <td>0.192447</td>\n",
       "      <td>0.181294</td>\n",
       "      <td>1.000000</td>\n",
       "      <td>0.891995</td>\n",
       "      <td>0.141289</td>\n",
       "      <td>-0.105356</td>\n",
       "      <td>0.562331</td>\n",
       "      <td>0.371480</td>\n",
       "      <td>0.118858</td>\n",
       "      <td>-0.093316</td>\n",
       "      <td>0.531828</td>\n",
       "      <td>0.491135</td>\n",
       "      <td>-0.384875</td>\n",
       "      <td>0.455485</td>\n",
       "      <td>0.660913</td>\n",
       "      <td>0.494989</td>\n",
       "    </tr>\n",
       "    <tr>\n",
       "      <th>Top25perc</th>\n",
       "      <td>0.351640</td>\n",
       "      <td>0.247476</td>\n",
       "      <td>0.226745</td>\n",
       "      <td>0.891995</td>\n",
       "      <td>1.000000</td>\n",
       "      <td>0.199445</td>\n",
       "      <td>-0.053577</td>\n",
       "      <td>0.489394</td>\n",
       "      <td>0.331490</td>\n",
       "      <td>0.115527</td>\n",
       "      <td>-0.080810</td>\n",
       "      <td>0.545862</td>\n",
       "      <td>0.524749</td>\n",
       "      <td>-0.294629</td>\n",
       "      <td>0.417864</td>\n",
       "      <td>0.527447</td>\n",
       "      <td>0.477281</td>\n",
       "    </tr>\n",
       "    <tr>\n",
       "      <th>F.Undergrad</th>\n",
       "      <td>0.814491</td>\n",
       "      <td>0.874223</td>\n",
       "      <td>0.964640</td>\n",
       "      <td>0.141289</td>\n",
       "      <td>0.199445</td>\n",
       "      <td>1.000000</td>\n",
       "      <td>0.570512</td>\n",
       "      <td>-0.215742</td>\n",
       "      <td>-0.068890</td>\n",
       "      <td>0.115550</td>\n",
       "      <td>0.317200</td>\n",
       "      <td>0.318337</td>\n",
       "      <td>0.300019</td>\n",
       "      <td>0.279703</td>\n",
       "      <td>-0.229462</td>\n",
       "      <td>0.018652</td>\n",
       "      <td>-0.078773</td>\n",
       "    </tr>\n",
       "    <tr>\n",
       "      <th>P.Undergrad</th>\n",
       "      <td>0.398264</td>\n",
       "      <td>0.441271</td>\n",
       "      <td>0.513069</td>\n",
       "      <td>-0.105356</td>\n",
       "      <td>-0.053577</td>\n",
       "      <td>0.570512</td>\n",
       "      <td>1.000000</td>\n",
       "      <td>-0.253512</td>\n",
       "      <td>-0.061326</td>\n",
       "      <td>0.081200</td>\n",
       "      <td>0.319882</td>\n",
       "      <td>0.149114</td>\n",
       "      <td>0.141904</td>\n",
       "      <td>0.232531</td>\n",
       "      <td>-0.280792</td>\n",
       "      <td>-0.083568</td>\n",
       "      <td>-0.257001</td>\n",
       "    </tr>\n",
       "    <tr>\n",
       "      <th>Outstate</th>\n",
       "      <td>0.050159</td>\n",
       "      <td>-0.025755</td>\n",
       "      <td>-0.155477</td>\n",
       "      <td>0.562331</td>\n",
       "      <td>0.489394</td>\n",
       "      <td>-0.215742</td>\n",
       "      <td>-0.253512</td>\n",
       "      <td>1.000000</td>\n",
       "      <td>0.654256</td>\n",
       "      <td>0.038855</td>\n",
       "      <td>-0.299087</td>\n",
       "      <td>0.382982</td>\n",
       "      <td>0.407983</td>\n",
       "      <td>-0.554821</td>\n",
       "      <td>0.566262</td>\n",
       "      <td>0.672779</td>\n",
       "      <td>0.571290</td>\n",
       "    </tr>\n",
       "    <tr>\n",
       "      <th>Room.Board</th>\n",
       "      <td>0.164939</td>\n",
       "      <td>0.090899</td>\n",
       "      <td>-0.040232</td>\n",
       "      <td>0.371480</td>\n",
       "      <td>0.331490</td>\n",
       "      <td>-0.068890</td>\n",
       "      <td>-0.061326</td>\n",
       "      <td>0.654256</td>\n",
       "      <td>1.000000</td>\n",
       "      <td>0.127963</td>\n",
       "      <td>-0.199428</td>\n",
       "      <td>0.329202</td>\n",
       "      <td>0.374540</td>\n",
       "      <td>-0.362628</td>\n",
       "      <td>0.272363</td>\n",
       "      <td>0.501739</td>\n",
       "      <td>0.424942</td>\n",
       "    </tr>\n",
       "    <tr>\n",
       "      <th>Books</th>\n",
       "      <td>0.132559</td>\n",
       "      <td>0.113525</td>\n",
       "      <td>0.112711</td>\n",
       "      <td>0.118858</td>\n",
       "      <td>0.115527</td>\n",
       "      <td>0.115550</td>\n",
       "      <td>0.081200</td>\n",
       "      <td>0.038855</td>\n",
       "      <td>0.127963</td>\n",
       "      <td>1.000000</td>\n",
       "      <td>0.179295</td>\n",
       "      <td>0.026906</td>\n",
       "      <td>0.099955</td>\n",
       "      <td>-0.031929</td>\n",
       "      <td>-0.040208</td>\n",
       "      <td>0.112409</td>\n",
       "      <td>0.001061</td>\n",
       "    </tr>\n",
       "    <tr>\n",
       "      <th>Personal</th>\n",
       "      <td>0.178731</td>\n",
       "      <td>0.200989</td>\n",
       "      <td>0.280929</td>\n",
       "      <td>-0.093316</td>\n",
       "      <td>-0.080810</td>\n",
       "      <td>0.317200</td>\n",
       "      <td>0.319882</td>\n",
       "      <td>-0.299087</td>\n",
       "      <td>-0.199428</td>\n",
       "      <td>0.179295</td>\n",
       "      <td>1.000000</td>\n",
       "      <td>-0.010936</td>\n",
       "      <td>-0.030613</td>\n",
       "      <td>0.136345</td>\n",
       "      <td>-0.285968</td>\n",
       "      <td>-0.097892</td>\n",
       "      <td>-0.269344</td>\n",
       "    </tr>\n",
       "    <tr>\n",
       "      <th>PhD</th>\n",
       "      <td>0.390697</td>\n",
       "      <td>0.355758</td>\n",
       "      <td>0.331469</td>\n",
       "      <td>0.531828</td>\n",
       "      <td>0.545862</td>\n",
       "      <td>0.318337</td>\n",
       "      <td>0.149114</td>\n",
       "      <td>0.382982</td>\n",
       "      <td>0.329202</td>\n",
       "      <td>0.026906</td>\n",
       "      <td>-0.010936</td>\n",
       "      <td>1.000000</td>\n",
       "      <td>0.849587</td>\n",
       "      <td>-0.130530</td>\n",
       "      <td>0.249009</td>\n",
       "      <td>0.432762</td>\n",
       "      <td>0.305038</td>\n",
       "    </tr>\n",
       "    <tr>\n",
       "      <th>Terminal</th>\n",
       "      <td>0.369491</td>\n",
       "      <td>0.337583</td>\n",
       "      <td>0.308274</td>\n",
       "      <td>0.491135</td>\n",
       "      <td>0.524749</td>\n",
       "      <td>0.300019</td>\n",
       "      <td>0.141904</td>\n",
       "      <td>0.407983</td>\n",
       "      <td>0.374540</td>\n",
       "      <td>0.099955</td>\n",
       "      <td>-0.030613</td>\n",
       "      <td>0.849587</td>\n",
       "      <td>1.000000</td>\n",
       "      <td>-0.160104</td>\n",
       "      <td>0.267130</td>\n",
       "      <td>0.438799</td>\n",
       "      <td>0.289527</td>\n",
       "    </tr>\n",
       "    <tr>\n",
       "      <th>S.F.Ratio</th>\n",
       "      <td>0.095633</td>\n",
       "      <td>0.176229</td>\n",
       "      <td>0.237271</td>\n",
       "      <td>-0.384875</td>\n",
       "      <td>-0.294629</td>\n",
       "      <td>0.279703</td>\n",
       "      <td>0.232531</td>\n",
       "      <td>-0.554821</td>\n",
       "      <td>-0.362628</td>\n",
       "      <td>-0.031929</td>\n",
       "      <td>0.136345</td>\n",
       "      <td>-0.130530</td>\n",
       "      <td>-0.160104</td>\n",
       "      <td>1.000000</td>\n",
       "      <td>-0.402929</td>\n",
       "      <td>-0.583832</td>\n",
       "      <td>-0.306710</td>\n",
       "    </tr>\n",
       "    <tr>\n",
       "      <th>perc.alumni</th>\n",
       "      <td>-0.090226</td>\n",
       "      <td>-0.159990</td>\n",
       "      <td>-0.180794</td>\n",
       "      <td>0.455485</td>\n",
       "      <td>0.417864</td>\n",
       "      <td>-0.229462</td>\n",
       "      <td>-0.280792</td>\n",
       "      <td>0.566262</td>\n",
       "      <td>0.272363</td>\n",
       "      <td>-0.040208</td>\n",
       "      <td>-0.285968</td>\n",
       "      <td>0.249009</td>\n",
       "      <td>0.267130</td>\n",
       "      <td>-0.402929</td>\n",
       "      <td>1.000000</td>\n",
       "      <td>0.417712</td>\n",
       "      <td>0.490898</td>\n",
       "    </tr>\n",
       "    <tr>\n",
       "      <th>Expend</th>\n",
       "      <td>0.259592</td>\n",
       "      <td>0.124717</td>\n",
       "      <td>0.064169</td>\n",
       "      <td>0.660913</td>\n",
       "      <td>0.527447</td>\n",
       "      <td>0.018652</td>\n",
       "      <td>-0.083568</td>\n",
       "      <td>0.672779</td>\n",
       "      <td>0.501739</td>\n",
       "      <td>0.112409</td>\n",
       "      <td>-0.097892</td>\n",
       "      <td>0.432762</td>\n",
       "      <td>0.438799</td>\n",
       "      <td>-0.583832</td>\n",
       "      <td>0.417712</td>\n",
       "      <td>1.000000</td>\n",
       "      <td>0.390343</td>\n",
       "    </tr>\n",
       "    <tr>\n",
       "      <th>Grad.Rate</th>\n",
       "      <td>0.146755</td>\n",
       "      <td>0.067313</td>\n",
       "      <td>-0.022341</td>\n",
       "      <td>0.494989</td>\n",
       "      <td>0.477281</td>\n",
       "      <td>-0.078773</td>\n",
       "      <td>-0.257001</td>\n",
       "      <td>0.571290</td>\n",
       "      <td>0.424942</td>\n",
       "      <td>0.001061</td>\n",
       "      <td>-0.269344</td>\n",
       "      <td>0.305038</td>\n",
       "      <td>0.289527</td>\n",
       "      <td>-0.306710</td>\n",
       "      <td>0.490898</td>\n",
       "      <td>0.390343</td>\n",
       "      <td>1.000000</td>\n",
       "    </tr>\n",
       "  </tbody>\n",
       "</table>\n",
       "</div>"
      ],
      "text/plain": [
       "                 Apps    Accept    Enroll  Top10perc  Top25perc  F.Undergrad  \\\n",
       "Apps         1.000000  0.943451  0.846822   0.338834   0.351640     0.814491   \n",
       "Accept       0.943451  1.000000  0.911637   0.192447   0.247476     0.874223   \n",
       "Enroll       0.846822  0.911637  1.000000   0.181294   0.226745     0.964640   \n",
       "Top10perc    0.338834  0.192447  0.181294   1.000000   0.891995     0.141289   \n",
       "Top25perc    0.351640  0.247476  0.226745   0.891995   1.000000     0.199445   \n",
       "F.Undergrad  0.814491  0.874223  0.964640   0.141289   0.199445     1.000000   \n",
       "P.Undergrad  0.398264  0.441271  0.513069  -0.105356  -0.053577     0.570512   \n",
       "Outstate     0.050159 -0.025755 -0.155477   0.562331   0.489394    -0.215742   \n",
       "Room.Board   0.164939  0.090899 -0.040232   0.371480   0.331490    -0.068890   \n",
       "Books        0.132559  0.113525  0.112711   0.118858   0.115527     0.115550   \n",
       "Personal     0.178731  0.200989  0.280929  -0.093316  -0.080810     0.317200   \n",
       "PhD          0.390697  0.355758  0.331469   0.531828   0.545862     0.318337   \n",
       "Terminal     0.369491  0.337583  0.308274   0.491135   0.524749     0.300019   \n",
       "S.F.Ratio    0.095633  0.176229  0.237271  -0.384875  -0.294629     0.279703   \n",
       "perc.alumni -0.090226 -0.159990 -0.180794   0.455485   0.417864    -0.229462   \n",
       "Expend       0.259592  0.124717  0.064169   0.660913   0.527447     0.018652   \n",
       "Grad.Rate    0.146755  0.067313 -0.022341   0.494989   0.477281    -0.078773   \n",
       "\n",
       "             P.Undergrad  Outstate  Room.Board     Books  Personal       PhD  \\\n",
       "Apps            0.398264  0.050159    0.164939  0.132559  0.178731  0.390697   \n",
       "Accept          0.441271 -0.025755    0.090899  0.113525  0.200989  0.355758   \n",
       "Enroll          0.513069 -0.155477   -0.040232  0.112711  0.280929  0.331469   \n",
       "Top10perc      -0.105356  0.562331    0.371480  0.118858 -0.093316  0.531828   \n",
       "Top25perc      -0.053577  0.489394    0.331490  0.115527 -0.080810  0.545862   \n",
       "F.Undergrad     0.570512 -0.215742   -0.068890  0.115550  0.317200  0.318337   \n",
       "P.Undergrad     1.000000 -0.253512   -0.061326  0.081200  0.319882  0.149114   \n",
       "Outstate       -0.253512  1.000000    0.654256  0.038855 -0.299087  0.382982   \n",
       "Room.Board     -0.061326  0.654256    1.000000  0.127963 -0.199428  0.329202   \n",
       "Books           0.081200  0.038855    0.127963  1.000000  0.179295  0.026906   \n",
       "Personal        0.319882 -0.299087   -0.199428  0.179295  1.000000 -0.010936   \n",
       "PhD             0.149114  0.382982    0.329202  0.026906 -0.010936  1.000000   \n",
       "Terminal        0.141904  0.407983    0.374540  0.099955 -0.030613  0.849587   \n",
       "S.F.Ratio       0.232531 -0.554821   -0.362628 -0.031929  0.136345 -0.130530   \n",
       "perc.alumni    -0.280792  0.566262    0.272363 -0.040208 -0.285968  0.249009   \n",
       "Expend         -0.083568  0.672779    0.501739  0.112409 -0.097892  0.432762   \n",
       "Grad.Rate      -0.257001  0.571290    0.424942  0.001061 -0.269344  0.305038   \n",
       "\n",
       "             Terminal  S.F.Ratio  perc.alumni    Expend  Grad.Rate  \n",
       "Apps         0.369491   0.095633    -0.090226  0.259592   0.146755  \n",
       "Accept       0.337583   0.176229    -0.159990  0.124717   0.067313  \n",
       "Enroll       0.308274   0.237271    -0.180794  0.064169  -0.022341  \n",
       "Top10perc    0.491135  -0.384875     0.455485  0.660913   0.494989  \n",
       "Top25perc    0.524749  -0.294629     0.417864  0.527447   0.477281  \n",
       "F.Undergrad  0.300019   0.279703    -0.229462  0.018652  -0.078773  \n",
       "P.Undergrad  0.141904   0.232531    -0.280792 -0.083568  -0.257001  \n",
       "Outstate     0.407983  -0.554821     0.566262  0.672779   0.571290  \n",
       "Room.Board   0.374540  -0.362628     0.272363  0.501739   0.424942  \n",
       "Books        0.099955  -0.031929    -0.040208  0.112409   0.001061  \n",
       "Personal    -0.030613   0.136345    -0.285968 -0.097892  -0.269344  \n",
       "PhD          0.849587  -0.130530     0.249009  0.432762   0.305038  \n",
       "Terminal     1.000000  -0.160104     0.267130  0.438799   0.289527  \n",
       "S.F.Ratio   -0.160104   1.000000    -0.402929 -0.583832  -0.306710  \n",
       "perc.alumni  0.267130  -0.402929     1.000000  0.417712   0.490898  \n",
       "Expend       0.438799  -0.583832     0.417712  1.000000   0.390343  \n",
       "Grad.Rate    0.289527  -0.306710     0.490898  0.390343   1.000000  "
      ]
     },
     "execution_count": 39,
     "metadata": {},
     "output_type": "execute_result"
    }
   ],
   "source": [
    "# 1.1\n",
    "df.corr(numeric_only=True)"
   ]
  },
  {
   "cell_type": "code",
   "execution_count": 40,
   "metadata": {},
   "outputs": [
    {
     "data": {
      "text/plain": [
       "<Axes: >"
      ]
     },
     "execution_count": 40,
     "metadata": {},
     "output_type": "execute_result"
    },
    {
     "data": {
